0,26.6264,57.9415,55.1437,89.7999,66.0589,117.136,105.68,105.558,104.335,107.279,157.15,157.151,132.042,72.7914,146.733,124.01,126.601,98.5915,131.344,135.97,115.842,139.443,131.819,128.044,110.739,75.6652,117.2,105.632,137.951,128.928,118.429,130.374,99.2795,107.265,104.808,102.412,110.12,104.496,133.654,105.275,139.443,102.64,109.059,109.205,108.317,105.02,110.099,111.481,130.479,72.792,110.659,113.747,110.346,100.985,105.358,104,113.519,106.848,108.067,104.696,165.9745,199.702,222.5967,165.826,165.826,173.365,166.282,154.193,177.774,206.366,183.689,213.415,213.405,41.5184,108.532,108.781,99.6925,105.937,101.614,106.761,104.317,109.042,98.2095,116.28626.6264,0,31.3195,38.7077,69.5745,41.9141,103.537,79.0937,78.9527,77.7607,80.6544,130.733,130.734,105.416,53.3762,120.558,97.4128,99.9769,72.3407,105.191,110.913,89.8625,112.842,105.193,101.73,84.1562,49.7716,91.5431,80.0733,111.687,102.409,92.6901,103.748,72.6659,80.6706,78.2731,75.8734,83.4939,77.8782,107.035,78.6781,112.842,76.1072,82.5917,82.6126,81.7809,78.4226,83.4725,84.8566,104.081,53.375,84.0741,87.2134,83.7221,74.3618,78.8291,77.496,86.8959,80.2281,81.5128,78.241,139.4738,173.365,196.572,139.203,139.203,147.781,141.021,128.456,151.916,180.927,159.23,188.501,188.491,14.9509,81.9786,82.1712,73.1263,79.3545,75.0483,80.137,77.7788,82.4924,71.5832,89.663357.9415,31.3195,0,38.0031,54.2564,23.2361,95.663,47.8128,47.6449,46.5009,49.339,99.6763,99.6771,74.1088,41.4472,90.3287,66.2312,68.6956,42.3464,75.0981,83.1043,60.3338,81.6391,73.8841,71.2793,52.8787,21.2221,62.0818,51.8152,81.3046,71.443,63.0452,72.4362,41.3501,49.3765,47.0865,44.6829,52.1876,46.6366,75.7723,47.5207,81.6393,44.9287,51.5281,51.3215,50.586,47.1255,52.1749,53.5728,73.095,41.4426,52.793,56.0154,52.4403,43.0437,47.6533,46.3722,55.6197,48.9729,50.2844,47.2172,108.4839,142.6745,166.418,107.918,107.918,118.579,112.463,99.0813,122.183,151.827,131.95,160.254,160.245,16.4745,50.7521,50.8578,41.8863,48.0806,43.8079,48.8197,46.587,51.2728,40.2848,58.389355.1437,38.7077,38.0031,0,92.0792,60.8345,132.432,70.2038,70.7532,68.692,73.551,115.172,115.172,96.4333,18.3385,118.58,91.1319,92.0805,74.234,104.432,116.272,91.8154,105.318,96.1816,99.7184,74.5649,38.3635,72.0195,85.7913,109.452,97.5982,73.5794,94.7157,65.7187,71.8594,68.22,66.2148,76.456,72.7395,99.0091,74.3741,105.318,66.2903,70.8656,73.4877,71.3393,69.9774,76.6914,78.2446,89.6071,18.3405,74.5618,76.1519,77.271,67.8792,68.5865,66.9653,80.2232,74.6196,71.4997,66.8287,132.4445,167.4355,192.986,129.172,129.172,148.535,143.75,129.198,150.849,181.369,164.689,191.228,191.22,33.7561,71.8833,73.7992,64.4744,70.3007,66.1005,72.9595,67.8516,72.2455,66.3015,82.768589.7999,69.5745,54.2564,92.0792,0,31.2651,43.2715,64.4465,63.2164,64.3273,61.8772,107.408,107.41,77.5611,94.421,75.7245,67.965,72.3189,43.9292,62.75,56.4528,49.123,79.8042,77.4613,62.7929,67.5116,65.3798,88.3689,38.2101,69.7042,68.2133,88.2731,76.6056,59.4292,64.8452,66.1596,64.7615,62.7805,57.5886,76.8545,56.3471,79.8044,65.094,70.5746,66.0965,68.0561,63.47,62.3196,62.5563,86.6404,94.4157,67.3409,71.3837,61.831,59.0139,66.6642,66.7152,63.5026,59.1183,67.2189,68.4407,99.3715,126.73,144.6183,104.078,104.078,94.0002,85.2847,77.5469,100.269,124.626,98.354,129.011,129,61.8871,67.535,64.6229,62.372,64.8133,63.3435,61.8337,65.7878,67.9922,56.4247,65.127766.0589,41.9141,23.2361,60.8345,31.2651,0,72.4909,51.0538,50.2798,50.2305,50.5551,102.023,102.024,73.2286,64.321,82.4595,63.9182,67.4897,36.1843,67.208,69.9696,51.4007,78.8259,73.0476,64.7479,55.6507,38.2771,71.6784,40.3455,74.1818,67.2813,72.1504,71.7746,44.459,52.181,51.584,49.4385,52.7493,46.5848,73.9094,46.4579,78.8261,49.7656,56.5096,53.99,54.6169,50.1162,52.5,53.4732,76.9547,64.316,55.5105,59.499,52.4061,45.2131,52.1853,51.4903,55.2076,48.8505,53.9917,52.9254,103.6754,135.865,157.5153,105.396,105.396,107.663,100.335,88.7615,112.447,140.485,117.697,147.357,147.347,31.5293,54.4312,52.9307,46.4849,51.4105,48.1353,50.2208,51.0936,54.9765,42.0617,57.7186117.136,103.537,95.663,132.432,43.2715,72.4909,0,105.467,104.148,105.594,102.302,141.574,141.576,113.092,136.758,102.474,104.258,108.65,84.7639,93.6764,79.6853,84.2353,112.768,113.059,95.6973,107.774,108.547,129.622,75.8561,99.484,102.451,129.313,112.546,101.215,105.581,107.492,106.395,102.619,98.2128,111.53,96.6578,112.768,106.714,111.516,106.544,108.896,104.532,102.105,102.003,124.732,136.753,107.602,111.422,101.488,100.479,107.94,108.231,102.509,99.3432,108.026,109.974,125.6783,145.285,156.8863,132.93,132.93,109.884,100.457,99.0817,117.408,133.912,104.581,133.754,133.742,99.8804,108.279,105.003,104.275,105.817,105.008,102.372,107.177,108.678,98.2018,103.56105.68,79.0937,47.8128,70.2038,64.4465,51.0538,105.467,0,1.3809,1.5122,4.3811,52.1907,52.1917,26.9202,59.3491,48.9301,20.9541,22.0472,20.7331,36.1217,52.3038,28.5173,35.3663,26.6792,30.9297,5.0665,32.6035,24.155,30.9189,39.987,27.5892,23.9009,25.1977,6.7483,1.6768,2.7081,4.0168,6.6647,7.412,29.1265,9.284,35.3665,3.997,6.1281,3.5423,3.6944,0.9911,7.0614,8.517,26.1115,59.3429,4.9807,8.5424,7.8196,5.8882,2.8415,4.0683,10.2734,7.1529,2.9616,5.4179,62.7978,97.6794,122.8567,60.6961,60.6961,79.2638,75.599,60.4424,80.9594,111.597,97.5891,122.113,122.105,64.1636,3.3843,3.5989,6.0795,0.3738,4.2209,3.9373,2.7799,3.9258,9.0103,12.63105.558,78.9527,47.6449,70.7532,63.2164,50.2798,104.148,1.3809,0,2.3935,3.1942,52.613,52.614,26.7721,60.1727,48.1682,20.3825,21.7366,19.4406,35.1447,51.1119,27.2174,35.0453,26.5349,29.9909,5.4492,32.9602,25.4758,29.54,39.1767,26.9047,25.1911,25.0591,6.3298,1.9027,4.0028,4.8476,5.7889,6.0396,28.8519,7.9031,35.0454,4.91,7.3883,3.7935,4.8415,0.8305,6.1187,7.6365,26.7411,60.1665,5.3282,9.2193,6.8269,5.0777,4.1995,5.3014,9.5151,5.8153,4.0215,6.7485,62.4743,97.3142,122.3763,60.6096,60.6096,78.4648,74.6786,59.5631,80.2706,110.891,96.6123,121.314,121.306,64.0407,4.3795,3.2518,6.3331,1.6918,4.6587,2.6859,3.9859,4.8844,8.2315,12.0156104.335,77.7607,46.5009,68.692,64.3273,50.2305,105.594,1.5122,2.3935,0,5.5875,53.3801,53.381,28.3902,57.8864,50.407,22.4617,23.5495,20.831,37.5057,53.4957,29.5278,36.8676,28.1483,32.3347,6.418,31.1058,24.0932,31.4315,41.4484,29.0821,23.946,26.666,5.7763,3.1815,1.9183,2.5275,8.0821,7.9584,30.622,9.9495,36.8678,2.5442,6.4408,4.9823,4.3998,1.5795,8.4492,9.9376,27.1589,57.8802,6.3502,9.6381,9.1819,5.3773,2.3493,3.0147,11.7404,8.1057,3.8752,4.6202,64.29,99.1792,124.3677,62.1414,62.1414,80.7306,77.0161,61.8783,82.4542,113.089,98.9752,123.58,123.573,62.8235,4.3413,5.1086,4.6577,1.6561,2.7578,5.0738,1.7206,4.8862,8.3478,14.13107.279,80.6544,49.339,73.551,61.8772,50.5551,102.302,4.3811,3.1942,5.5875,0,51.7124,51.7136,24.7828,63.2451,45.1928,17.7121,19.4884,17.9481,31.9955,47.9356,24.1695,32.7048,24.5536,26.8692,5.6435,35.5541,27.5136,27.1622,36.1581,24.0472,27.0684,23.1003,8.1997,3.559,7.089,8.0148,2.9637,4.3304,26.6174,5.6442,32.7049,8.0947,9.461,4.2515,6.8152,4.0171,3.1419,4.6948,26.4791,63.2388,5.4745,9.5758,3.7483,6.3073,7.178,8.441,6.7086,3.0406,5.9426,9.773,60.0931,94.8415,119.724,58.629,58.629,75.4421,71.5574,56.4746,77.3619,107.958,93.4561,118.287,118.279,65.7931,6.0989,2.7458,9.0984,4.5598,7.6488,0.5916,7.1365,6.432,9.1417,9.3833157.15,130.733,99.6763,115.172,107.408,102.023,141.574,52.1907,52.613,53.3801,51.7124,0,0.0021,29.9702,99.8002,43.8283,39.6274,35.4256,66.7583,48.073,65.1531,58.5233,28.8294,30.0474,45.9172,47.1841,81.8987,43.3444,69.2192,43.1159,39.4979,41.7178,31.0447,58.9036,50.7577,52.6287,55.03,49.3272,55.4885,30.5998,55.569,28.8292,54.7728,48.1582,48.8232,49.1528,52.9918,49.549,48.5494,26.6734,99.795,47.2951,43.7553,49.6188,57.6004,52.0517,53.3046,46.8427,53.1896,49.5251,52.4963,33.7849,60.9206,87.6623,22.5007,22.5007,63.3224,66.3939,54.3528,59.6768,86.0353,86.7599,99.5403,99.5372,115.789,49.0558,49.6025,57.8962,51.8854,55.9883,52.1149,53.1332,48.5204,60.6906,44.4223157.151,130.734,99.6771,115.172,107.41,102.024,141.576,52.1917,52.614,53.381,51.7136,0.0021,0,29.9719,99.8001,43.8304,39.6289,35.4272,66.7597,48.0749,65.1551,58.5251,28.8313,30.049,45.9191,47.1851,81.8993,43.3444,69.2209,43.1179,39.4997,41.7178,31.0462,58.9046,50.7588,52.6296,55.0309,49.3284,55.4897,30.6015,55.5703,28.8311,54.7737,48.159,48.8242,49.1537,52.9929,49.5502,48.5506,26.6741,99.795,47.2961,43.7562,49.6201,57.6014,52.0526,53.3055,46.844,53.1908,49.526,52.4971,33.7867,60.9217,87.6634,22.5023,22.5023,63.3243,66.3959,54.3549,59.6786,86.0368,86.7618,99.5419,99.5388,115.789,49.0568,49.6036,57.8971,51.8863,55.9893,52.116,53.1341,48.5213,60.6917,44.4236132.042,105.416,74.1088,96.4333,77.5611,73.2286,113.092,26.9202,26.7721,28.3902,24.7828,29.9702,29.9719,1.728,84.0066,27.625,9.787,5.8152,37.3249,22.4356,41.7797,29.0851,9.2491,1.729,18.419,22.1043,59.4383,32.993,39.3642,21.0872,11.1703,31.4644,1.7284,32.8913,25.2535,28.4695,30.6851,21.9258,27.6895,3.6043,27.225,9.2492,30.5441,25.5904,23.4106,25.1725,27.413,21.9562,20.6131,15.3538,84.0007,22.1368,20.3018,21.7496,31.0884,28.0357,29.6233,18.6159,25.3146,25.1124,29.6198,36.4904,71.2471,96.8489,33.8632,33.8632,56.9601,55.579,40.4024,57.083,87.5477,78.0414,99.1429,99.1367,90.5692,24.6965,23.522,32.9909,26.7342,31.1384,25.3141,28.8914,24.289,33.8371,15.887772.7914,53.3762,41.4472,18.3385,94.421,64.321,136.758,59.3491,60.1727,57.8864,63.2451,99.8002,99.8001,84.0066,0,108.264,80.0724,80.2884,68.0925,95.147,109.227,84.3757,93.1543,83.7521,90.0955,63.0464,31.6889,56.4696,80.4873,99.3345,86.8634,58.1179,82.337,56.2152,60.9031,56.9955,55.361,65.9549,63.4162,86.871,65.2997,93.1544,55.3541,58.6574,62.2599,59.6772,59.3496,66.2898,67.8071,75.271,0.0063,63.0791,63.8716,66.9768,58.3758,57.2417,55.6294,69.6222,64.9181,60.0207,55.0923,119.7883,154.61,180.731,115.443,115.443,138.612,134.759,119.719,140.137,170.796,156.46,181.46,181.453,44.2892,60.3367,62.8908,54.2793,59.3616,55.5964,62.6676,56.7189,60.6023,57.5403,71.9054146.733,120.558,90.3287,118.58,75.7245,82.4595,102.474,48.9301,48.1682,50.407,45.1928,43.8283,43.8304,27.625,108.264,0,28.3285,29.0729,48.2213,15.3919,22.9228,31.0935,19.622,27.8056,19.1446,45.3476,80.302,60.4829,42.2746,9.1614,21.4388,58.9872,28.7881,52.8646,47.3625,51.2724,52.9344,42.3814,45.8683,24.2469,44.3243,19.6221,52.927,50.1009,46.0282,48.7318,48.9811,42.0842,40.5436,42.3814,108.258,45.2988,45.2049,41.4451,50.7016,51.0412,52.6453,38.6684,43.9616,48.3176,53.2778,25.3233,53.8089,76.2138,30.4946,30.4946,30.3835,27.9978,12.7998,32.3026,62.796,50.4769,73.2082,73.2007,106.44,48.0308,45.375,54.284,48.9077,52.8034,45.7813,51.5453,47.813,52.3912,36.3623124.01,97.4128,66.2312,91.1319,67.965,63.9182,104.258,20.9541,20.3825,22.4617,17.7121,39.6274,39.6289,9.787,80.0724,28.3285,0,4.4167,27.8266,17.8338,36.8093,20.024,15.4348,9.5831,12.654,17.0462,53.2601,34.3019,29.7686,19.7635,6.9322,33.0565,8.6419,25.8506,19.3202,23.1246,24.9652,14.7566,19.635,9.9959,18.7353,15.435,24.9172,21.7839,17.832,20.4284,21.1546,14.5904,13.0569,21.1348,80.0663,17.0053,17.0161,14.1249,23.8136,22.8459,24.4673,11.0074,17.353,20.053,24.9965,42.6849,77.2513,102.0425,41.9958,41.9958,58.7055,55.7585,40.4133,60.0797,90.7354,78.0941,101.499,101.491,82.6972,19.7458,17.3554,26.69,20.8819,25.0316,18.298,23.4379,19.5063,26.162,8.3698126.601,99.9769,68.6956,92.0805,72.3189,67.4897,108.65,22.0472,21.7366,23.5495,19.4884,35.4256,35.4272,5.8152,80.2884,29.0729,4.4167,0,31.5974,20.6497,39.9952,24.4158,13.3195,5.5621,15.8143,17.5161,54.6489,31.936,34.1413,21.2129,8.893,30.5654,4.3881,27.6738,20.3708,23.8677,25.9523,16.5641,22.1317,7.1318,21.5655,13.3197,25.848,21.6322,18.6368,20.7799,22.4338,16.5368,15.1228,17.1147,80.2824,17.5188,16.466,16.2559,25.7805,23.494,25.1156,13.0814,19.7659,20.5827,25.346,40.9439,75.7301,100.9763,39.2259,39.2259,59.2113,56.9458,41.5914,60.016,90.645,79.3978,101.811,101.804,85.1677,20.206,18.5241,28.0466,21.9036,26.2548,20.0433,24.2493,19.8635,28.4162,10.316698.5915,72.3407,42.3464,74.234,43.9292,36.1843,84.7639,20.7331,19.4406,20.831,17.9481,66.7583,66.7597,37.3249,68.0925,48.2213,27.8266,31.5974,0,32.8756,42.0444,18.0668,42.6445,37.1514,29.4632,23.5841,36.7216,44.8774,12.6073,39.363,31.1772,44.63,35.9556,16.8419,20.9809,22.733,21.7624,19.0015,13.6685,37.7899,12.4548,42.6447,22.069,26.8287,22.1716,24.2476,19.7853,18.5771,19.0353,43.4372,68.0863,23.4136,27.4719,18.1794,15.8086,23.1761,23.5179,20.329,15.2277,23.3923,25.2578,68.1001,101.2965,124.3253,69.2419,69.2419,76.2629,70.4083,56.7515,79.8598,109.509,90.6594,118.211,118.202,58.267,23.6831,20.6937,19.9658,21.0891,20.4167,17.9113,22.4284,24.1212,13.9386,22.4607131.344,105.191,75.0981,104.432,62.75,67.208,93.6764,36.1217,35.1447,37.5057,31.9955,48.073,48.0749,22.4356,95.147,15.3919,17.8338,20.6497,32.8756,0,19.4438,15.8103,19.2854,22.4666,5.3267,33.4363,66.068,52.1331,27.2833,7.1499,11.8041,50.872,22.6896,39.0376,34.7127,38.6886,39.9922,29.4607,31.8594,19.713,30.1094,19.2856,40.0466,38.5704,33.7309,36.7184,35.9752,29.0633,27.6155,37.2973,95.1408,33.348,34.3353,28.324,36.8608,38.574,40.0911,26.0332,30.2356,36.1406,41.0292,37.7361,68.9696,91.497,41.3312,41.3312,44.1491,39.6149,24.7691,47.1416,77.2208,61.4696,86.8002,86.7919,91.1328,35.9451,32.7695,40.8694,36.1757,39.6131,32.5592,38.8719,35.8492,38.1527,24.2834135.97,110.913,83.1043,116.272,56.4528,69.9696,79.6853,52.3038,51.1119,53.4957,47.9356,65.1531,65.1551,41.7797,109.227,22.9228,36.8093,39.9952,42.0444,19.4438,0,24.8521,37.3432,41.8534,24.2215,50.6891,78.4651,70.9262,31.2901,22.2153,31.2235,69.7614,42.1251,53.5029,51.1607,55.0021,55.7991,45.932,46.4849,38.9368,44.4607,37.3433,55.9314,55.9127,50.6084,53.7187,51.9162,45.4435,44.2171,56.741,109.22,50.5707,52.3238,44.6367,51.4391,55.0244,56.3716,43.0749,45.5119,53.0119,57.6036,46.7345,70.5337,88.914,53.4075,53.4075,38.2275,30.3959,21.1568,43.9874,70.5785,48.8587,77.5874,77.5775,98.0109,52.9141,49.3807,55.9458,52.4465,55.0971,48.426,55.0715,52.9361,51.8076,41.9566115.842,89.8625,60.3338,91.8154,49.123,51.4007,84.2353,28.5173,27.2174,29.5278,24.1695,58.5233,58.5251,29.0851,84.3757,31.0935,20.024,24.4158,18.0668,15.8103,24.8521,0,30.7001,28.9966,14.0654,28.0364,53.761,50.0168,11.7342,22.8448,19.1116,49.1715,28.3781,28.8339,27.6408,31.2132,31.6469,22.7571,22.0228,27.9301,19.9557,30.7003,31.8219,33.0764,27.5309,30.6027,27.9719,22.2178,21.3246,40.8002,84.3694,27.8887,30.6328,21.4112,26.837,31.342,32.5128,20.8314,21.4222,29.7975,33.9327,52.9843,84.6475,106.839,55.8349,55.8349,58.2452,52.3576,38.759,62.0637,91.4937,72.8756,100.153,100.144,76.0658,29.8056,26.1073,31.4383,28.7223,30.7875,24.5809,31.1961,29.9545,26.9967,20.8136139.443,112.842,81.6391,105.318,79.8042,78.8259,112.768,35.3663,35.0453,36.8676,32.7048,28.8294,28.8313,9.2491,93.1543,19.622,15.4348,13.3195,42.6445,19.2854,37.3432,30.7001,0,9.4745,17.2746,30.7759,67.9684,41.8094,42.0905,15.1997,11.8405,40.2256,10.8393,40.9044,33.6898,37.1465,39.261,29.7528,35.0082,6.3148,34.1681,0.0002,39.1506,34.603,31.9435,33.9786,35.7494,29.6756,28.1993,22.8996,93.1484,30.7876,29.3323,29.3126,38.9563,36.7546,38.3684,26.1312,32.6893,33.8327,38.5042,27.9231,62.5069,87.8172,26.6585,26.6585,48.0347,47.2209,32.3419,47.9092,78.3346,69.5961,90.0111,90.0048,98.1099,33.4413,31.841,41.3622,35.2203,39.5742,33.2715,37.5387,33.0728,41.4639,23.3727131.819,105.193,73.8841,96.1816,77.4613,73.0476,113.059,26.6792,26.5349,28.1483,24.5536,30.0474,30.049,1.729,83.7521,27.8056,9.5831,5.5621,37.1514,22.4666,41.8534,28.9966,9.4745,0,18.3928,21.859,59.1933,32.7495,39.2512,21.1969,11.083,31.2217,1.4831,32.6589,25.013,28.2233,30.4408,21.699,27.4727,3.5638,27.0162,9.4746,30.2991,25.3367,23.1683,24.9237,27.1743,21.7317,20.3915,15.1185,83.7462,21.892,20.0476,21.5284,30.8593,27.7886,29.3755,18.3961,25.0969,24.8656,29.3689,36.734,71.4966,97.1013,34.0927,34.0927,57.1847,55.7796,40.589,57.3219,87.7922,78.2477,99.3815,99.3751,90.3438,24.4492,23.2844,32.7508,26.4924,30.8971,25.084,28.6457,24.0408,33.6129,15.6685128.044,101.73,71.2793,99.7184,62.7929,64.7479,95.6973,30.9297,29.9909,32.3347,26.8692,45.9172,45.9191,18.419,90.0955,19.1446,12.654,15.8143,29.4632,5.3267,24.2215,14.0654,17.2746,18.3928,0,28.1322,61.3738,46.9386,25.788,10.0335,7.3217,45.7074,18.3776,34.1268,29.4904,33.4673,34.8361,24.2652,27.002,16.1281,25.347,17.2748,34.8786,33.2539,28.4602,31.4281,30.8204,23.8856,22.4131,32.7767,90.0893,28.0464,29.0114,23.1642,31.9493,33.336,34.8688,20.7766,25.258,30.8636,35.7699,39.3542,71.9754,95.2195,41.7704,41.7704,48.8267,44.6892,29.6456,51.3803,81.713,66.6757,91.6029,91.5948,87.4738,30.6592,27.5345,35.8281,30.9707,34.5102,27.441,33.6648,30.5533,33.4241,18.9687110.739,84.1562,52.8787,74.5649,67.5116,55.6507,107.774,5.0665,5.4492,6.418,5.6435,47.1841,47.1851,22.1043,63.0464,45.3476,17.0462,17.5161,23.5841,33.4363,50.6891,28.0364,30.7759,21.859,28.1322,0,37.3346,22.3905,32.3343,36.6104,23.9092,21.7995,20.3763,11.7207,3.5742,6.3774,8.5907,5.4107,9.9671,24.4833,11.1986,30.776,8.4411,5.2244,1.6652,3.3842,5.8122,5.9603,6.7138,21.3205,63.0402,0.1725,3.9657,6.7222,10.5092,5.9801,7.5996,7.6146,8.4552,3.0685,7.9549,58.1952,93.1074,118.472,55.77,55.77,75.7311,72.5104,57.2295,77.0906,107.75,94.7008,118.539,118.532,69.2238,2.7141,2.9112,11.0756,4.8022,9.1678,5.7547,6.7886,2.4668,13.6545,9.180775.6652,49.7716,21.2221,38.3635,65.3798,38.2771,108.547,32.6035,32.9602,31.1058,35.5541,81.8987,81.8993,59.4383,31.6889,80.302,53.2601,54.6489,36.7216,66.068,78.4651,53.761,67.9684,59.1933,61.3738,37.3346,0,41.7858,48.9363,71.1566,59.5232,42.9188,57.7104,27.526,34.2802,30.9812,28.7565,38.5041,34.4337,61.7277,36.027,67.9686,28.8942,34.4876,36.0583,34.3616,32.2335,38.6888,40.2359,55.29,31.6827,37.3016,39.5938,39.2132,29.6578,31.4375,29.8853,42.2626,36.3862,34.3473,30.159,95.2851,130.1875,155.2503,93.0047,93.0047,110.178,105.426,90.8344,112.597,143.063,126.538,152.865,152.857,35.1646,34.7758,36.1346,26.6276,32.7574,28.3945,34.966,30.5506,35.2118,27.9498,44.9029117.2,91.5431,62.0818,72.0195,88.3689,71.6784,129.622,24.155,25.4758,24.0932,27.5136,43.3444,43.3444,32.993,56.4696,60.4829,34.3019,31.936,44.8774,52.1331,70.9262,50.0168,41.8094,32.7495,46.9386,22.3905,41.7858,0,54.648,53.1146,40.7024,1.7112,31.6999,29.014,24.1046,22.2288,23.6453,27.7937,31.4492,36.3095,33.1145,41.8094,23.3089,18.1326,23.3629,20.7749,25.0935,28.3416,28.9054,20.0391,56.4644,22.5561,19.3894,29.0823,29.36,21.7448,21.6608,29.1879,30.5418,21.6516,19.946,66.0961,99.9318,126.543,59.989,59.989,89.8369,88.4804,73.214,89.5101,119.608,110.959,131.661,131.655,76.9346,21.4353,24.9188,26.2189,23.805,25.0678,27.3734,22.5873,21.0817,31.9883,29.4634105.632,80.0733,51.8152,85.7913,38.2101,40.3455,75.8561,30.9189,29.54,31.4315,27.1622,69.2192,69.2209,39.3642,80.4873,42.2746,29.7686,34.1413,12.6073,27.2833,31.2901,11.7342,42.0905,39.2512,25.788,32.3343,48.9363,54.648,0,34.406,30.308,54.1258,38.405,28.5672,30.653,33.3344,32.903,27.013,23.5176,38.7229,21.6594,42.0907,33.1699,36.6171,31.2855,33.9654,30.0971,26.4798,26.2356,49.1602,80.4811,32.1645,35.7853,25.8091,27.1065,33.6621,34.3706,26.6565,24.1233,33.0883,36.0461,64.5658,95.7406,117.267,67.5454,67.5454,67.7533,60.9955,48.5791,72.2178,100.857,80.1373,108.654,108.645,66.8383,33.2609,29.7293,31.6335,31.2267,31.6917,27.3504,33.1387,33.5845,25.9013,27.7606137.951,111.687,81.3046,109.452,69.7042,74.1818,99.484,39.987,39.1767,41.4484,36.1581,43.1159,43.1179,21.0872,99.3345,9.1614,19.7635,21.2129,39.363,7.1499,22.2153,22.8448,15.1997,21.1969,10.0335,36.6104,71.1566,53.1146,34.406,0,12.8404,51.7078,21.8727,43.7476,38.4493,42.3901,43.9744,33.3885,36.7241,17.8386,35.1662,15.1998,43.9808,41.5012,37.1938,39.9859,39.9957,33.0706,31.5407,36.2929,99.3283,36.5506,36.7768,32.4106,41.5802,42.1868,43.7751,29.7136,34.8433,39.5258,44.4887,30.7813,62.2112,85.2078,34.4779,34.4779,39.2885,35.9952,20.653,41.4608,71.9171,58.3542,82.1374,82.1296,97.4774,39.2617,36.4632,45.2326,39.9817,43.7912,36.7439,42.6424,39.0759,43.2358,27.5135128.928,102.409,71.443,97.5982,68.2133,67.2813,102.451,27.5892,26.9047,29.0821,24.0472,39.4979,39.4997,11.1703,86.8634,21.4388,6.9322,8.893,31.1772,11.8041,31.2235,19.1116,11.8405,11.083,7.3217,23.9092,59.5232,40.7024,30.308,12.8404,0,39.3724,11.064,32.0005,25.9926,29.8702,31.6047,21.1536,25.3338,9.0805,24.0939,11.8407,31.5802,28.7086,24.6062,27.2932,27.7029,20.9073,19.3542,25.5548,86.8573,23.86,23.9376,20.3337,29.8868,29.6233,31.234,17.3944,23.209,26.8816,31.8402,37.4935,71.5464,95.8712,38.1291,38.1291,51.8224,48.8343,33.4845,53.3727,84.0078,71.1884,94.6396,94.6322,87.8476,26.5923,24.0088,33.1321,27.5472,31.5617,24.6388,30.1579,26.375,31.9442,14.9696118.429,92.6901,63.0452,73.5794,88.2731,72.1504,129.313,23.9009,25.1911,23.946,27.0684,41.7178,41.7178,31.4644,58.1179,58.9872,33.0565,30.5654,44.63,50.872,69.7614,49.1715,40.2256,31.2217,45.7074,21.7995,42.9188,1.7112,54.1258,51.7078,39.3724,0,30.199,29.0524,23.7331,22.1202,23.6777,27.173,31.1005,34.7846,32.6993,40.2256,23.3386,17.8065,22.8664,20.4177,24.8592,27.7169,28.1993,18.3448,58.1127,21.9682,18.609,28.4375,29.2717,21.6095,21.6539,28.3719,30.0759,21.2872,19.9705,64.4141,98.2254,124.837,58.2779,58.2779,88.2592,86.9814,71.7342,87.8806,117.951,109.457,130.031,130.025,78.0347,21.0391,24.422,26.3489,23.5425,25.098,26.9635,22.5052,20.6534,31.9933,28.5073130.374,103.748,72.4362,94.7157,76.6056,71.7746,112.546,25.1977,25.0591,26.666,23.1003,31.0447,31.0462,1.7284,82.337,28.7881,8.6419,4.3881,35.9556,22.6896,42.1251,28.3781,10.8393,1.4831,18.3776,20.3763,57.7104,31.6999,38.405,21.8727,11.064,30.199,0,31.1935,23.5321,26.7413,28.9577,20.2575,26.0679,4.7051,25.6519,10.8394,28.8162,23.8807,21.6857,23.4458,25.6958,20.2997,18.9759,14.6462,82.3311,20.4091,18.5929,20.1121,29.4041,26.3076,27.8957,16.9946,23.6913,23.3842,27.8977,38.1676,72.9543,98.5378,35.5608,35.5608,58.3527,56.7833,41.5433,58.6017,89.1046,79.2602,100.631,100.624,88.8931,22.9685,21.8081,31.2701,25.0101,29.4152,23.6275,27.1632,22.5616,32.1732,14.283599.2795,72.6659,41.3501,65.7187,59.4292,44.459,101.215,6.7483,6.3298,5.7763,8.1997,58.9036,58.9046,32.8913,56.2152,52.8646,25.8506,27.6738,16.8419,39.0376,53.5029,28.8339,40.9044,32.6589,34.1268,11.7207,27.526,29.014,28.5672,43.7476,32.0005,29.0524,31.1935,0,8.1495,7.2006,5.3753,11.1564,7.2025,34.8053,9.109,40.9046,5.714,12.1007,10.0927,10.1738,5.9122,11.2703,12.7943,32.8549,56.2089,11.6128,15.2882,11.7332,2.1781,7.7889,7.4099,14.8521,8.9043,9.5985,9.0828,68.2461,102.987,127.7927,66.7514,66.7514,82.9331,78.6355,63.752,85.1313,115.659,100.245,125.729,125.721,57.7675,10.0535,9.5103,3.1241,7.0779,3.9544,7.6345,6.7357,10.6025,3.0179,17.5678107.265,80.6706,49.3765,71.8594,64.8452,52.181,105.581,1.6768,1.9027,3.1815,3.559,50.7577,50.7588,25.2535,60.9031,47.3625,19.3202,20.3708,20.9809,34.7127,51.1607,27.6408,33.6898,25.013,29.4904,3.5742,34.2802,24.1046,30.653,38.4493,25.9926,23.7331,23.5321,8.1495,0,3.977,5.6489,5.287,7.3689,27.45,9.022,33.6899,5.5976,5.9805,1.9496,3.3303,2.2544,5.74,7.1072,24.8407,60.897,3.4635,7.3181,6.5355,6.9801,3.8895,5.3791,8.7528,6.574,2.453,6.4453,61.1306,96.0093,121.194,59.0429,59.0429,77.7121,74.1295,58.9444,79.3542,109.997,96.1649,120.558,120.551,65.7472,2.7043,1.9876,7.7383,1.5619,5.8948,3.3041,4.1947,3.1471,10.1341,11.0237104.808,78.2731,47.0865,68.22,66.1596,51.584,107.492,2.7081,4.0028,1.9183,7.089,52.6287,52.6296,28.4695,56.9955,51.2724,23.1246,23.8677,22.733,38.6886,55.0021,31.2132,37.1465,28.2233,33.4673,6.3774,30.9812,22.2288,33.3344,42.3901,29.8702,22.1202,26.7413,7.2006,3.977,0,2.4037,9.2445,9.8386,30.8583,11.8017,37.1466,2.1688,4.9256,5.2992,3.5092,3.2985,9.6757,11.0775,26.2114,56.9893,6.3598,8.9406,10.4546,7.1518,0.6048,1.4026,12.7195,9.818,3.3678,2.7567,64.5343,99.4607,124.8047,62.0613,62.0613,81.636,78.1013,62.9069,83.1994,113.851,100.142,124.477,124.47,63.3242,3.8057,5.9431,5.3147,2.5586,3.4829,6.6402,0.5093,4.2739,9.9795,14.9105102.412,75.8734,44.6829,66.2148,64.7615,49.4385,106.395,4.0168,4.8476,2.5275,8.0148,55.03,55.0309,30.6851,55.361,52.9344,24.9652,25.9523,21.7624,39.9922,55.7991,31.6469,39.261,30.4408,34.8361,8.5907,28.7565,23.6453,32.903,43.9744,31.6047,23.6777,28.9577,5.3753,5.6489,2.4037,0,10.5997,9.7485,32.9946,11.8111,39.2611,0.3399,7.1598,7.3176,5.9076,4.0172,10.9545,12.4545,28.5918,55.3548,8.5509,11.3403,11.6731,5.9544,2.9793,2.0718,14.2679,10.298,5.6908,3.7075,66.6621,101.5742,126.8243,64.3525,64.3525,83.2575,79.5221,64.395,84.9757,115.612,101.459,126.107,126.099,60.9251,6.1465,7.6112,2.9859,4.0877,1.4227,7.4702,1.9055,6.64,8.3449,16.6467110.12,83.4939,52.1876,76.456,62.7805,52.7493,102.619,6.6647,5.7889,8.0821,2.9637,49.3272,49.3284,21.9258,65.9549,42.3814,14.7566,16.5641,19.0015,29.4607,45.932,22.7571,29.7528,21.699,24.2652,5.4107,38.5041,27.7937,27.013,33.3885,21.1536,27.173,20.2575,11.1564,5.287,9.2445,10.5997,0,6.1663,23.6872,6.619,29.753,10.6252,10.3194,4.7806,7.8814,6.6073,0.5503,1.8555,24.6297,65.9487,5.2485,8.8049,1.3459,9.2176,9.176,10.646,3.7686,3.9468,7.1172,11.714,57.1508,91.8889,116.778,55.7452,55.7452,72.6763,68.9385,53.7965,74.5032,105.116,90.926,115.526,115.518,68.6513,7.0768,3.4494,11.9819,6.716,10.4256,3.5445,9.4123,7.1994,11.9159,6.4197104.496,77.8782,46.6366,72.7395,57.5886,46.5848,98.2128,7.412,6.0396,7.9584,4.3304,55.4885,55.4897,27.6895,63.4162,45.8683,19.635,22.1317,13.6685,31.8594,46.4849,22.0228,35.0082,27.4727,27.002,9.9671,34.4337,31.4492,23.5176,36.7241,25.3338,31.1005,26.0679,7.2025,7.3689,9.8386,9.7485,6.1663,0,29.1585,2.0738,35.0084,9.963,13.3174,8.5087,10.6851,6.5802,5.9464,7.1081,30.6456,63.4099,9.7993,13.9061,5.9802,5.0424,10.1471,10.9505,9.0767,2.3767,9.8136,12.5765,62.1495,96.6671,121.16,61.3392,61.3392,75.8278,71.4442,56.596,78.1649,108.637,93.0434,118.597,118.589,63.1101,10.0697,7.0584,9.4622,7.7312,8.7843,4.2453,9.678,10.484,6.6105,11.8214133.654,107.035,75.7723,99.0091,76.8545,73.9094,111.53,29.1265,28.8519,30.622,26.6174,30.5998,30.6015,3.6043,86.871,24.2469,9.9959,7.1318,37.7899,19.713,38.9368,27.9301,6.3148,3.5638,16.1281,24.4833,61.7277,36.3095,38.7229,17.8386,9.0805,34.7846,4.7051,34.8053,27.45,30.8583,32.9946,23.6872,29.1585,0,28.4745,6.3149,32.8775,28.2928,25.6786,27.6704,29.5393,23.6475,22.2119,18.4719,86.865,24.4985,23.0269,23.34,32.9048,30.4591,32.0697,20.1565,26.8066,27.5352,32.191,34.0132,68.7427,94.1218,32.1874,32.1874,53.6606,52.2166,37.0346,53.9063,84.4266,74.6841,95.9268,95.9204,92.2464,27.14,25.6284,35.1499,28.9705,33.3423,27.1739,31.2562,26.7665,35.5098,17.3861105.275,78.6781,47.5207,74.3741,56.3471,46.4579,96.6578,9.284,7.9031,9.9495,5.6442,55.569,55.5703,27.225,65.2997,44.3243,18.7353,21.5655,12.4548,30.1094,44.4607,19.9557,34.1681,27.0162,25.347,11.1986,36.027,33.1145,21.6594,35.1662,24.0939,32.6993,25.6519,9.109,9.022,11.8017,11.8111,6.619,2.0738,28.4745,0,34.1683,12.0196,15.0022,9.8906,12.3501,8.5129,6.2482,7.0309,31.2356,65.2934,11.0265,15.037,6.0057,6.9925,12.0754,12.957,8.7688,2.7736,11.4718,14.5528,61.1357,95.5133,119.8307,60.6507,60.6507,74.162,69.6484,54.8714,76.6265,107.044,91.1714,116.894,116.886,63.9781,11.6793,8.36,11.5035,9.5803,10.8581,5.7415,11.6695,12.0471,8.0781,11.383139.443,112.842,81.6393,105.318,79.8044,78.8261,112.768,35.3665,35.0454,36.8678,32.7049,28.8292,28.8311,9.2492,93.1544,19.6221,15.435,13.3197,42.6447,19.2856,37.3433,30.7003,0.0002,9.4746,17.2748,30.776,67.9686,41.8094,42.0907,15.1998,11.8407,40.2256,10.8394,40.9046,33.6899,37.1466,39.2611,29.753,35.0084,6.3149,34.1683,0,39.1508,34.6031,31.9436,33.9788,35.7495,29.6757,28.1995,22.8996,93.1485,30.7877,29.3324,29.3128,38.9564,36.7548,38.3685,26.1314,32.6895,33.8329,38.5044,27.9229,62.5068,87.8171,26.6583,26.6583,48.0346,47.2209,32.342,47.9091,78.3345,69.5962,90.011,90.0048,98.1101,33.4414,31.8411,41.3624,35.2205,39.5744,33.2717,37.5389,33.0729,41.464,23.3729102.64,76.1072,44.9287,66.2903,65.094,49.7656,106.714,3.997,4.91,2.5442,8.0947,54.7728,54.7737,30.5441,55.3541,52.927,24.9172,25.848,22.069,40.0466,55.9314,31.8219,39.1506,30.2991,34.8786,8.4411,28.8942,23.3089,33.1699,43.9808,31.5802,23.3386,28.8162,5.714,5.5976,2.1688,0.3399,10.6252,9.963,32.8775,12.0196,39.1508,0,6.8546,7.2119,5.6777,4.0809,10.9931,12.4807,28.3162,55.3479,8.4074,11.1078,11.7228,6.2605,2.7247,1.7355,14.2681,10.4467,5.5011,3.3689,66.5468,101.4645,126.741,64.186,64.186,83.2596,79.5603,64.4206,84.9472,115.588,101.516,126.109,126.101,61.158,5.9509,7.5737,3.2993,4.037,1.7602,7.5604,1.6876,6.4333,8.6802,16.6151109.059,82.5917,51.5281,70.8656,70.5746,56.5096,111.516,6.1281,7.3883,6.4408,9.461,48.1582,48.159,25.5904,58.6574,50.1009,21.7839,21.6322,26.8287,38.5704,55.9127,33.0764,34.603,25.3367,33.2539,5.2244,34.4876,18.1326,36.6171,41.5012,28.7086,17.8065,23.8807,12.1007,5.9805,4.9256,7.1598,10.3194,13.3174,28.2928,15.0022,34.6031,6.8546,0,5.5572,2.6532,7.1065,10.8601,11.8321,21.58,58.6514,5.3422,5.2895,11.6653,11.8004,4.3251,5.2256,12.839,12.5015,3.5315,4.3753,61.7863,96.7131,122.3717,58.6347,58.6347,80.4621,77.4669,62.15,81.5837,112.232,99.719,123.215,123.208,67.6428,3.3714,7.0464,10.145,5.7619,8.3891,9.2718,5.4177,3.133,14.7842,14.2871109.205,82.6126,51.3215,73.4877,66.0965,53.99,106.544,3.5423,3.7935,4.9823,4.2515,48.8232,48.8242,23.4106,62.2599,46.0282,17.832,18.6368,22.1716,33.7309,50.6084,27.5309,31.9435,23.1683,28.4602,1.6652,36.0583,23.3629,31.2855,37.1938,24.6062,22.8664,21.6857,10.0927,1.9496,5.2992,7.3176,4.7806,8.5087,25.6786,9.8906,31.9436,7.2119,5.5572,0,3.117,4.2039,5.3148,6.3955,22.9852,62.2537,1.5364,5.5693,6.1252,8.8452,5.0183,6.6359,7.7053,7.2146,2.4225,7.3204,59.3853,94.2805,119.544,57.1625,57.1625,76.4035,72.9975,57.7606,77.9108,108.565,95.1144,119.236,119.229,67.6869,2.3103,1.5567,9.6167,3.3283,7.7372,4.2637,5.64,2.4257,11.9895,9.6809108.317,81.7809,50.586,71.3393,68.0561,54.6169,108.896,3.6944,4.8415,4.3998,6.8152,49.1528,49.1537,25.1725,59.6772,48.7318,20.4284,20.7799,24.2476,36.7184,53.7187,30.6027,33.9786,24.9237,31.4281,3.3842,34.3616,20.7749,33.9654,39.9859,27.2932,20.4177,23.4458,10.1738,3.3303,3.5092,5.9076,7.8814,10.6851,27.6704,12.3501,33.9788,5.6777,2.6532,3.117,0,4.6845,8.4075,9.5113,22.811,59.6711,3.4361,5.4327,9.2212,9.5546,2.972,4.4763,10.7459,9.8545,0.8784,4.5886,61.3301,96.2627,121.7223,58.6467,58.6467,79.1152,75.8691,60.5975,80.4606,111.12,98.0384,121.923,121.916,66.8323,0.8068,4.4979,8.7452,3.3209,6.8467,6.6186,4.0022,0.9252,12.6419,12.5194105.02,78.4226,47.1255,69.9774,63.47,50.1162,104.532,0.9911,0.8305,1.5795,4.0171,52.9918,52.9929,27.413,59.3496,48.9811,21.1546,22.4338,19.7853,35.9752,51.9162,27.9719,35.7494,27.1743,30.8204,5.8122,32.2335,25.0935,30.0971,39.9957,27.7029,24.8592,25.6958,5.9122,2.2544,3.2985,4.0172,6.6073,6.5802,29.5393,8.5129,35.7495,4.0809,7.1065,4.2039,4.6845,0,6.9448,8.4578,26.9931,59.3434,5.7086,9.4283,7.6566,4.9226,3.5682,4.5426,10.3201,6.5522,3.9384,6.0552,63.1783,98.0337,123.131,61.2313,61.2313,79.2833,75.5077,60.3895,81.0722,111.696,97.4428,122.133,122.125,63.5015,4.3493,3.9109,5.6129,1.3648,3.8772,3.4958,3.2268,4.8846,8.0592,12.7932110.099,83.4725,52.1749,76.6914,62.3196,52.5,102.105,7.0614,6.1187,8.4492,3.1419,49.549,49.5502,21.9562,66.2898,42.0842,14.5904,16.5368,18.5771,29.0633,45.4435,22.2178,29.6756,21.7317,23.8856,5.9603,38.6888,28.3416,26.4798,33.0706,20.9073,27.7169,20.2997,11.2703,5.74,9.6757,10.9545,0.5503,5.9464,23.6475,6.2482,29.6757,10.9931,10.8601,5.3148,8.4075,6.9448,0,1.5532,24.9877,66.2836,5.7984,9.3243,0.8149,9.2814,9.6281,11.0745,3.5838,3.6522,7.6337,12.1807,57.0467,91.7559,116.5933,55.7455,55.7455,72.3589,68.5685,53.4447,74.2336,104.837,90.5323,115.207,115.199,68.6434,7.6043,3.9511,12.2293,7.1326,10.722,3.7332,9.8255,7.7368,11.8903,6.307111.481,84.8566,53.5728,78.2446,62.5563,53.4732,102.003,8.517,7.6365,9.9376,4.6948,48.5494,48.5506,20.6131,67.8071,40.5436,13.0569,15.1228,19.0353,27.6155,44.2171,21.3246,28.1993,20.3915,22.4131,6.7138,40.2359,28.9054,26.2356,31.5407,19.3542,28.1993,18.9759,12.7943,7.1072,11.0775,12.4545,1.8555,7.1081,22.2119,7.0309,28.1995,12.4807,11.8321,6.3955,9.5113,8.4578,1.5532,0,24.4036,67.8009,6.5684,9.624,1.137,10.7774,10.9886,12.48,2.0691,4.7353,8.795,13.5032,55.5544,90.2393,115.0493,54.3476,54.3476,70.8291,67.0838,51.9412,72.6841,103.29,89.0778,113.678,113.67,70.0452,8.705,5.2066,13.781,8.5608,12.2598,5.2862,11.2568,8.7627,13.2981,4.8311130.479,104.081,73.095,89.6071,86.6404,76.9547,124.732,26.1115,26.7411,27.1589,26.4791,26.6734,26.6741,15.3538,75.271,42.3814,21.1348,17.1147,43.4372,37.2973,56.741,40.8002,22.8996,15.1185,32.7767,21.3205,55.29,20.0391,49.1602,36.2929,25.5548,18.3448,14.6462,32.8549,24.8407,26.2114,28.5918,24.6297,30.6456,18.4719,31.2356,22.8996,28.3162,21.58,22.9852,22.811,26.9931,24.9877,24.4036,0,75.2654,21.4563,17.5695,25.2971,31.8176,25.6194,26.7785,23.2077,28.567,23.2858,25.8783,46.2645,80.09,106.5783,40.268,40.268,70.656,70.12,55.1659,69.8553,99.732,92.4881,111.977,111.971,89.1417,22.8226,24.0273,31.5224,25.7773,29.6467,26.7728,26.7204,22.2753,34.9688,21.527472.792,53.375,41.4426,18.3405,94.4157,64.316,136.753,59.3429,60.1665,57.8802,63.2388,99.795,99.795,84.0007,0.0063,108.258,80.0663,80.2824,68.0863,95.1408,109.22,84.3694,93.1484,83.7462,90.0893,63.0402,31.6827,56.4644,80.4811,99.3283,86.8573,58.1127,82.3311,56.2089,60.897,56.9893,55.3548,65.9487,63.4099,86.865,65.2934,93.1485,55.3479,58.6514,62.2537,59.6711,59.3434,66.2836,67.8009,75.2654,0,63.0729,63.8656,66.9706,58.3695,57.2355,55.6232,69.616,64.9118,60.0146,55.0862,119.7823,154.604,180.7253,115.437,115.437,138.606,134.752,119.713,140.131,170.79,156.453,181.454,181.447,44.2865,60.3306,62.8846,54.273,59.3554,55.5902,62.6613,56.7127,60.5962,57.5341,71.8992110.659,84.0741,52.793,74.5618,67.3409,55.5105,107.602,4.9807,5.3282,6.3502,5.4745,47.2951,47.2961,22.1368,63.0791,45.2988,17.0053,17.5188,23.4136,33.348,50.5707,27.8887,30.7876,21.892,28.0464,0.1725,37.3016,22.5561,32.1645,36.5506,23.86,21.9682,20.4091,11.6128,3.4635,6.3598,8.5509,5.2485,9.7993,24.4985,11.0265,30.7877,8.4074,5.3422,1.5364,3.4361,5.7086,5.7984,6.5684,21.4563,63.0729,0,4.1271,6.5631,10.3809,5.9754,7.5987,7.4984,8.2828,3.0778,7.9915,58.2125,93.1224,118.4723,55.8194,55.8194,75.6824,72.4423,57.1654,77.0587,107.718,94.6258,118.494,118.487,69.1432,2.7423,2.7451,11.0076,4.7247,9.1037,5.5902,6.7631,2.5268,13.5237,9.1034113.747,87.2134,56.0154,76.1519,71.3837,59.499,111.422,8.5424,9.2193,9.6381,9.5758,43.7553,43.7562,20.3018,63.8716,45.2049,17.0161,16.466,27.4719,34.3353,52.3238,30.6328,29.3323,20.0476,29.0114,3.9657,39.5938,19.3894,35.7853,36.7768,23.9376,18.609,18.5929,15.2882,7.3181,8.9406,11.3403,8.8049,13.9061,23.0269,15.037,29.3324,11.1078,5.2895,5.5693,5.4327,9.4283,9.3243,9.624,17.5695,63.8656,4.1271,0,9.9764,14.2915,8.3905,9.8043,9.8014,12.2679,5.7713,9.4543,56.5322,91.442,117.097,53.4383,53.4383,75.5137,72.7717,57.421,76.4762,107.11,95.108,118.206,118.199,72.2647,5.3024,6.8681,14.1498,8.2105,12.2365,9.7151,9.4348,4.7651,17.4458,10.3753110.346,83.7221,52.4403,77.271,61.831,52.4061,101.488,7.8196,6.8269,9.1819,3.7483,49.6188,49.6201,21.7496,66.9768,41.4451,14.1249,16.2559,18.1794,28.324,44.6367,21.4112,29.3126,21.5284,23.1642,6.7222,39.2132,29.0823,25.8091,32.4106,20.3337,28.4375,20.1121,11.7332,6.5355,10.4546,11.6731,1.3459,5.9802,23.34,6.0057,29.3128,11.7228,11.6653,6.1252,9.2212,7.6566,0.8149,1.137,25.2971,66.9706,6.5631,9.9764,0,9.6901,10.4199,11.8507,3.1853,3.6129,8.4485,12.9796,56.6428,91.3106,116.0813,55.4815,55.4815,71.6957,67.8522,52.747,73.6227,104.214,89.7934,114.541,114.533,68.9132,8.4177,4.7651,12.8417,7.9045,11.387,4.3362,10.592,8.5451,12.1704,5.9549100.985,74.3618,43.0437,67.8792,59.0139,45.2131,100.479,5.8882,5.0777,5.3773,6.3073,57.6004,57.6014,31.0884,58.3758,50.7016,23.8136,25.7805,15.8086,36.8608,51.4391,26.837,38.9563,30.8593,31.9493,10.5092,29.6578,29.36,27.1065,41.5802,29.8868,29.2717,29.4041,2.1781,6.9801,7.1518,5.9544,9.2176,5.0424,32.9048,6.9925,38.9564,6.2605,11.8004,8.8452,9.5546,4.9226,9.2814,10.7774,31.8176,58.3695,10.3809,14.2915,9.6901,0,7.6746,7.7561,12.8449,6.7406,8.8497,9.4982,66.2698,100.9655,125.702,64.9363,64.9363,80.7577,76.4607,61.5739,82.9745,113.494,98.0839,123.552,123.544,59.4923,9.2694,8.006,4.6631,6.256,4.6324,5.7772,6.774,9.8068,3.1545,15.5877105.358,78.8291,47.6533,68.5865,66.6642,52.1853,107.94,2.8415,4.1995,2.3493,7.178,52.0517,52.0526,28.0357,57.2417,51.0412,22.8459,23.494,23.1761,38.574,55.0244,31.342,36.7546,27.7886,33.336,5.9801,31.4375,21.7448,33.6621,42.1868,29.6233,21.6095,26.3076,7.7889,3.8895,0.6048,2.9793,9.176,10.1471,30.4591,12.0754,36.7548,2.7247,4.3251,5.0183,2.972,3.5682,9.6281,10.9886,25.6194,57.2355,5.9754,8.3905,10.4199,7.6746,0,1.6283,12.5654,9.9944,2.9262,2.5959,64.1306,99.0618,124.4423,61.5853,61.5853,81.4132,77.9415,62.7286,82.9256,113.581,100.011,124.249,124.242,63.8795,3.3408,5.8045,5.9123,2.6198,4.0874,6.7641,1.1104,3.779,10.5431,14.6834104,77.496,46.3722,66.9653,66.7152,51.4903,108.231,4.0683,5.3014,3.0147,8.441,53.3046,53.3055,29.6233,55.6294,52.6453,24.4673,25.1156,23.5179,40.0911,56.3716,32.5128,38.3684,29.3755,34.8688,7.5996,29.8853,21.6608,34.3706,43.7751,31.234,21.6539,27.8957,7.4099,5.3791,1.4026,2.0718,10.646,10.9505,32.0697,12.957,38.3685,1.7355,5.2256,6.6359,4.4763,4.5426,11.0745,12.48,26.7785,55.6232,7.5987,9.8043,11.8507,7.7561,1.6283,0,14.1167,11.0948,4.5359,1.7427,65.7277,100.6654,126.064,63.1223,63.1223,83.0132,79.4992,64.3004,84.5466,115.201,101.544,125.852,125.845,62.5451,4.9325,7.3408,5.0082,3.9476,3.4649,7.972,1.3167,5.3371,10.3406,16.2835113.519,86.8959,55.6197,80.2232,63.5026,55.2076,102.509,10.2734,9.5151,11.7404,6.7086,46.8427,46.844,18.6159,69.6222,38.6684,11.0074,13.0814,20.329,26.0332,43.0749,20.8314,26.1312,18.3961,20.7766,7.6146,42.2626,29.1879,26.6565,29.7136,17.3944,28.3719,16.9946,14.8521,8.7528,12.7195,14.2679,3.7686,9.0767,20.1565,8.7688,26.1314,14.2681,12.839,7.7053,10.7459,10.3201,3.5838,2.0691,23.2077,69.616,7.4984,9.8014,3.1853,12.8449,12.5654,14.1167,0,6.7017,10.1237,14.9965,53.5013,88.188,113.0223,52.3068,52.3068,68.9916,65.3824,50.1916,70.7558,101.377,87.4482,111.841,111.833,72.0931,9.9558,6.7765,15.7489,10.2722,14.1691,7.2967,12.9466,9.9143,15.3552,2.7704106.848,80.2281,48.9729,74.6196,59.1183,48.8505,99.3432,7.1529,5.8153,8.1057,3.0406,53.1896,53.1908,25.3146,64.9181,43.9616,17.353,19.7659,15.2277,30.2356,45.5119,21.4222,32.6893,25.0969,25.258,8.4552,36.3862,30.5418,24.1233,34.8433,23.209,30.0759,23.6913,8.9043,6.574,9.818,10.298,3.9468,2.3767,26.8066,2.7736,32.6895,10.4467,12.5015,7.2146,9.8545,6.5522,3.6522,4.7353,28.567,64.9118,8.2828,12.2679,3.6129,6.7406,9.9944,11.0948,6.7017,0,8.9806,12.5616,59.8944,94.4634,119.0503,58.9813,58.9813,74.0414,69.8505,54.8998,76.2342,106.755,91.5847,116.849,116.841,65.4473,9.139,5.6645,10.6677,7.3951,9.6072,3.2882,9.7787,9.4638,8.8117,9.4516108.067,81.5128,50.2844,71.4997,67.2189,53.9917,108.026,2.9616,4.0215,3.8752,5.9426,49.5251,49.526,25.1124,60.0207,48.3176,20.053,20.5827,23.3923,36.1406,53.0119,29.7975,33.8327,24.8656,30.8636,3.0685,34.3473,21.6516,33.0883,39.5258,26.8816,21.2872,23.3842,9.5985,2.453,3.3678,5.6908,7.1172,9.8136,27.5352,11.4718,33.8329,5.5011,3.5315,2.4225,0.8784,3.9384,7.6337,8.795,23.2858,60.0146,3.0778,5.7713,8.4485,8.8497,2.9262,4.5359,10.1237,8.9806,0,4.9638,61.2215,96.1467,121.5363,58.6947,58.6947,78.6995,75.3677,60.1152,80.1209,110.779,97.5054,121.521,121.514,66.5682,0.4693,3.6945,8.3992,2.5943,6.4795,5.7405,3.8171,1.011,11.966,12.021104.696,78.241,47.2172,66.8287,68.4407,52.9254,109.974,5.4179,6.7485,4.6202,9.773,52.4963,52.4971,29.6198,55.0923,53.2778,24.9965,25.346,25.2578,41.0292,57.6036,33.9327,38.5042,29.3689,35.7699,7.9549,30.159,19.946,36.0461,44.4887,31.8402,19.9705,27.8977,9.0828,6.4453,2.7567,3.7075,11.714,12.5765,32.191,14.5528,38.5044,3.3689,4.3753,7.3204,4.5886,6.0552,12.1807,13.5032,25.8783,55.0862,7.9915,9.4543,12.9796,9.4982,2.5959,1.7427,14.9965,12.5616,4.9638,0,65.7867,100.7326,126.264,62.8924,62.8924,83.6604,80.3166,65.0727,85.0446,115.704,102.432,126.479,126.472,63.2939,5.2509,8.2975,6.4862,5.2134,5.129,9.352,2.9074,5.5135,12.0429,16.9802165.9745,139.4738,108.4839,132.4445,99.3715,103.6754,125.6783,62.7978,62.4743,64.29,60.0931,33.7849,33.7867,36.4904,119.7883,25.3233,42.6849,40.9439,68.1001,37.7361,46.7345,52.9843,27.9231,36.734,39.3542,58.1952,95.2851,66.0961,64.5658,30.7813,37.4935,64.4141,38.1676,68.2461,61.1306,64.5343,66.6621,57.1508,62.1495,34.0132,61.1357,27.9229,66.5468,61.7863,